1,121.531305,25.043570,台北市中正區八德路一段82巷9弄19號
2,121.559834,25.091075,台北市中正區中華路二段307巷(南機場夜市)
3,121.505792,25.027994,台北市萬華區中華路二段307巷(南機場夜市)
5,121.559834,25.091075,台北市中正區中華路二段307巷(南機場夜市)
6,121.559834,25.091075,台北市中正區中華路二段309巷(南機場夜市)
7,121.505712,25.028762,台北市中正區中華路二段309巷9號
8,121.506178,25.029072,台北市中正區中華路二段309巷
9,121.506408,25.028842,台北市中正區中華路二段311巷(旁)
10,121.506178,25.029072,台北市中正區中華路二段309巷
11,121.506408,25.028842,台北市中正區中華路二段311巷21號
12,121.506281,25.028583,台北市中正區中華路二段311巷20號(巷口轉角小吃攤
13,121.559834,25.091075,台北市中正區中華路二段313巷(南機場夜市)
14,121.506888,25.028705,台北市中正區中華路二段313巷36號
15,121.506035,25.028235,台北市中正區中華路二段313巷5號
16,121.506145,25.028135,台北市中正區中華路二段313巷6號
17,121.504819,25.028933,台北市萬華區中華路二段368號
18,121.543043,25.047304,台北市中正區中華路二段307巷(巷口)
19,121.516296,25.045211,台北市中正區公園路20巷21號
20,121.524944,25.017459,台北市中正區水源路27巷7號
21,121.532295,25.015295,台北市中正區汀州路三段165號
22,121.533090,25.014668,台北市中正區汀州路三段189號
23,121.534037,25.013966,台北市中正區汀州路三段235號
24,121.534071,25.013942,台北市中正區汀州路三段237號
25,121.535659,25.012101,台北市中正區汀州路三段289號
26,121.559834,25.091075,台北市中正區汀洲路一段90號(汀洲路跟西藏路口)
27,121.510897,25.042680,台北市中正區延平南路101巷1號
28,121.507768,25.035470,台北市中正區延平南路153號
29,121.507741,25.035088,台北市中正區延平南路163巷2號
30,121.524834,25.044194,台北市中正區忠孝東路一段108號2樓
31,121.527946,25.043015,台北市中正區杭州南路一段11巷
32,121.521223,25.031314,台北市中正區金華街30之1號
33,121.521852,25.029409,台北市中正區杭州南路二段88號
34,121.523004,25.039718,台北市中正區林森南路61巷19號
35,121.526431,25.035382,台北市中正區金山南路一段110巷(進入)
36,121.528294,25.036033,台北市中正區臨沂街67-2號(金山南路一段89巷進入)
37,121.527241,25.035088,台北市中正區金山南路一段120號
38,121.527196,25.034822,台北市中正區金山南路一段134號
40,121.527097,25.034782,台北市中正區金山南路一段142巷5號
41,121.557949,25.029985,台北市中正區信義路二段87-1號(巷內
42,121.508802,25.040287,台北市中正區長沙街一段20號
43,121.526937,25.035275,台北市中正區信義路二段79巷15-1號隔壁
44,121.526833,25.034461,台北市中正區信義路二段87號(巷口進入)
45,121.517068,25.031257,台北市中正區南昌路一段64號
46,121.513439,25.025868,台北市中正區泉州街32-2號
47,121.513327,25.025915,台北市中正區泉州街32號
48,121.514350,25.029326,台北市中正區泉州街35號
49,121.514410,25.054863,台北市大同區重慶北路二段29號
51,121.512576,25.044495,台北市中正區重慶南路一段46巷內(城中市場)
52,121.512576,25.044495,台北市中正區重慶南路一段46巷內(城中市場)
53,121.513083,25.044447,台北市中正區重慶南路一段48號
54,121.510575,25.041653,台北市中正區桃源街15號
56,121.524967,25.043576,台北市中正區紹興南街5-2號
57,121.529983,25.033700,台北市中正區信義路(連雲街口)
58,121.531046,25.034296,台北市中正區新生南路一段170巷15號
59,121.512137,25.044582,台北市中正區漢口街一段80巷12-5號
60,121.513466,25.042232,台北市中正區衡陽路18號
61,121.510995,25.041812,台北市中正區衡陽路84巷5號
62,121.534345,25.040156,台北市大安區濟南路三段20號
64,121.527959,25.035256,台北市中正區臨沂街56-2號
66,121.528104,25.034970,台北市中正區臨沂街75巷1號
68,121.524722,25.024425,台北市中正區羅斯福路二段113號2樓
69,121.527054,25.021406,台北市中正區羅斯福路三段100-1號
70,121.532048,25.015819,台北市中正區羅斯福路三段286巷4弄5號
71,121.532614,25.015786,台北市中正區羅斯福路三段316巷8弄3號
72,121.532711,25.015582,台北市中正區羅斯福路三段316巷8弄
74,121.535386,25.012569,台北市中正區羅斯福路四段136巷12號
77,121.533052,25.014880,台北市中正區羅斯福路四段24巷12弄10-1號
78,121.534605,25.013797,台北市中正區羅斯福路四段90巷4號
79,121.535251,25.013210,台北市中正區羅斯福四段108巷
80,121.535005,25.013743,台北市中正區羅斯福路四段92號(水源市場後面攤位)
81,121.532418,25.043646,台北市中正區新生南路一段12巷6號之13
82,121.515837,25.068950,台北市大同區大龍街188號(騎樓)
83,121.515837,25.068950,台北市大同區大龍街188號(騎樓)
84,121.515810,25.071796,台北市大同區大龍街310號
85,121.517273,25.072309,台北市大同區庫倫街13巷2弄2號
86,121.517656,25.057398,台北市大同區民生西路151號
87,121.517623,25.057395,台北市大同區民生西路153號
88,121.517623,25.057395,台北市大同區民生西路153號
89,121.516824,25.057033,台北市大同區民生西路198號之4(新館:寧夏路81號)
90,121.515026,25.056890,台北市大同區民生西路210號
91,121.515779,25.057162,台北市大同區民生西路231號
92,121.515779,25.057162,台北市大同區民生西路231號
93,121.514161,25.057073,台北市大同區民生西路231號前
94,121.510275,25.054331,台北市大同區民樂街3號
95,121.511046,25.054969,台北市大同區民樂街51號
96,121.510728,25.055613,台北市大同區永昌街7號
97,121.512722,25.059358,台北市大同區甘州街34號
98,121.509812,25.061094,台北市大同區安西街106號(永樂國小後門)
99,121.519283,25.056999,台北市大同區赤峰街44巷20號
100,121.511547,25.055761,台北市大同區延平北路二段72號
101,121.510977,25.068418,台北市大同區延平北路三段121號
102,121.511058,25.063735,台北市大同區延平北路三段12號前
103,121.511025,25.064453,台北市大同區延平北路三段36號前
104,121.511231,25.064929,台北市大同區延平北路三段41號1樓
105,121.511065,25.063490,台北市大同區延平北路三段4號前攤位
106,121.510987,25.065163,台北市大同區延平北路三段60號前攤位
107,121.511175,25.065711,台北市大同區延平北路三段61號之4
108,121.510969,25.065434,台北市大同區延平北路三段64-1號
109,121.510891,25.065555,台北市大同區延平北路三段72號
110,121.511070,25.067147,台北市大同區延平北路三段83號
111,121.511060,25.063656,台北市大同區延平北路三段8號前
112,121.511060,25.063656,台北市大同區延平北路三段8號前攤位
114,121.516207,25.066001,台北市大同區昌吉街51號
115,121.512184,25.060246,台北市大同區保安街49巷17號
116,121.514254,25.059339,台北市大同區保安街49巷內
117,121.514254,25.059339,台北市大同區保安街49巷內
118,121.514254,25.059339,台北市大同區保安街49巷內
121,121.514254,25.059339,台北市大同區保安街49巷內
122,121.514254,25.059339,台北市大同區保安街49巷內
123,121.513639,25.054126,台北市大同區南京西路149號
124,121.515231,25.074367,台北市大同區哈密街59巷18弄18號
125,121.510550,25.054862,台北市大同區迪化街一段21號(永樂市場)1樓1041號
126,121.510550,25.054862,台北市大同區迪化街一段21號(永樂市場一樓1204室)
127,121.509324,25.062178,台北市大同區迪化街一段311號
128,121.514479,25.054488,台北市大同區重慶北路二段11號
129,121.513741,25.060126,台北市大同區重慶北路二段193號
130,121.515056,25.074447,台北市大同區重慶北路三段335巷32號
131,121.515545,25.074449,台北市大同區重慶北路三段335巷56號
132,121.516037,25.071876,台北市大同區酒泉街54-1號
133,121.516037,25.071876,台北市大同區酒泉街54之1號前
134,121.516037,25.071876,台北市大同區酒泉街54之1號前
135,121.518862,25.070130,台北市大同區承德路三段
136,121.511012,25.072149,台北市大同區酒泉街(延平北路口)
137,121.512477,25.060623,台北市大同區涼州街34號
138,121.519569,25.058644,台北市大同區萬全街40巷19號
139,121.520090,25.058138,台北市大同區萬全街40巷6號
141,121.515556,25.056420,台北市大同區寧夏路35號附近
142,121.515556,25.056420,台北市大同區寧夏路35號附近
143,121.515259,25.056319,台北市大同區寧夏路44號
144,121.515280,25.056389,台北市大同區寧夏路46號
145,121.515576,25.057400,台北市大同區寧夏路49號1樓
146,121.515337,25.056592,台北市大同區寧夏路54號附近
147,121.515455,25.056961,台北市大同區寧夏路68號前攤位
148,121.515074,25.057961,台北市大同區寧夏路夜市中段
149,121.515074,25.057961,台北市大同區寧夏路夜市中段
150,121.515074,25.057961,台北市大同區寧夏路夜市中段
151,121.515074,25.057961,台北市大同區寧夏路夜市中段
152,121.518990,25.060143,台北市大同區錦西街86號
153,121.554252,25.048663,台北市大同區雙連街1巷口
154,121.541348,25.046818,台北市松山區八德路二段274號
155,121.523288,25.050706,台北市中山區中山北路一段105巷6號之1
156,121.523674,25.051181,台北市中山區中山北路一段121巷13-2號
157,121.523643,25.051035,台北市中山區中山北路一段121巷20號
160,121.524707,25.061771,台北市中山區中山北路二段137巷33號
161,121.520870,25.053204,台北市中山區中山北路二段16巷23號1樓
162,121.522838,25.052457,台北市中山區中山北路二段183巷1-4號
163,121.521721,25.054374,台北市中山區中山北路二段36巷17號
164,121.525310,25.054272,台北市中山區中山北路二段41號B2(晶華酒店地下2樓)
166,121.524486,25.057380,台北市中山區中山北路二段77巷16號
167,121.522469,25.064521,台北市中山區中山北路三段23-5號
168,121.526143,25.078575,台北市中山區中山北路四段1號
169,121.537375,25.064375,台北市中山區五常街1號
170,121.523066,25.049904,台北市中山區天津街41號
171,121.522703,25.048740,台北市中山區天津街31號
172,121.520937,25.061073,台北市中山區天祥路18號
173,121.546624,25.079714,台北市中山區北安路530號
174,121.521236,25.059009,台北市中山區民生西路45巷9弄12號
175,121.529705,25.057853,台北市中山區民生東路二段62號
176,121.531812,25.063806,台北市中山區民權東路二段71巷31號
179,121.530029,25.055262,台北市中山區吉林路132號
180,121.530090,25.059946,台北市中山區吉林路254號
181,121.530462,25.063855,台北市中山區吉林路327號
183,121.530894,25.066899,台北市中山區吉林路433巷4號
184,121.530281,25.055058,台北市中山區吉林路79號
186,121.530441,25.051476,台北市中山區松江路108巷25號
188,121.533479,25.060207,台北市中山區松江路283號2樓
189,121.531973,25.063023,台北市中山區松江路372巷30號
190,121.525085,25.050180,台北市中山區林森北路105號
191,121.527561,25.050262,台北市中山區林森北路119巷77號
193,121.525608,25.054807,台北市中山區林森北路263號
194,121.525624,25.055312,台北市中山區林森北路279號
195,121.525336,25.055491,台北市中山區林森北路282號
196,121.525679,25.064097,台北市中山區林森北路552-2號
197,121.528991,25.048252,台北市中山區長安東路一段99號
199,121.535979,25.048450,台北市中山區長安東路二段185號
201,121.533512,25.053247,台北市中山區南京東路二段115巷20號
202,121.536102,25.051825,台北市中山區南京東路二段216號B1樓
203,121.539126,25.061722,台北市中山區建國北路二段151巷30號
204,121.536264,25.045183,台北市中山區建國南路一段14號
205,121.561874,25.081469,台北市中山區堤頂大道二段466號
207,121.558713,25.084325,台北市中山區敬業四路168號
208,121.520524,25.057887,台北市大同區萬全街8巷(巷口)
209,121.559834,25.091075,台北市中山區農安街2巷1號(晴光市場)
210,121.526568,25.064788,台北市中山區農安街32號
211,121.531805,25.066643,台北市中山區德惠街167巷2號門前攤位
212,121.541137,25.055971,台北市中山區興安街76號
213,121.540698,25.056242,台北市中山區興安街及合江街口
214,121.542229,25.052417,台北市中山區遼寧夜市(福聚宮對面)
215,121.542205,25.049927,台北市中山區遼寧街(朱崙街口第三攤)
216,121.542205,25.049927,台北市中山區遼寧街(朱崙街口第四攤)
217,121.542149,25.049149,台北市中山區遼寧街48號
218,121.542229,25.047461,台北市中山區遼寧街7號
219,121.540322,25.055262,台北市中山區龍江路170號
220,121.541856,25.059926,台北市中山區龍江路281巷21號
221,121.524380,25.066455,台北市中山區雙城街(農安街口
222,121.524189,25.065237,台北市中山區雙城街12巷16-1號(晴光市場70號攤位)
223,121.515334,25.050306,台北市大同區華陰街183號
224,121.523014,25.064536,台北市中山區雙城街12巷3之3號(晴光市場內)
225,121.524282,25.064953,台北市中山區雙城街14號(屈臣氏前26號攤)
226,121.559834,25.091075,台北市中山區雙城街17號之1(晴光市場)
228,121.535824,25.045895,台北市中山區八德路二段85號
229,121.531422,25.043585,台北市松山區八德路一段82巷9弄15號
230,121.554369,25.048283,台北市松山區八德路三段121-2號
231,121.549458,25.046280,台北市松山區八德路三段12巷52弄34號
232,121.550124,25.045422,台北市松山區八德路三段12巷70弄14號1樓
233,121.555204,25.049145,台北市松山區八德路三段155巷12弄1之1號
234,121.552623,25.047400,台北市松山區八德路三段74巷5號(中崙市場內)
235,121.552676,25.048079,台北市松山區八德路三段76號(中崙市場門口)
236,121.552676,25.048079,台北市松山區八德路三段76號(中崙市場內)
237,121.564907,25.049052,台北市松山區八德路四段247號
238,121.575983,25.050050,台北市松山區八德路四段679號(松山市場內)
239,121.562109,25.058038,台北市松山區三民路113巷22號
240,121.552764,25.049374,台北市松山區北寧路34號
241,121.552757,25.048588,台北市松山區北寧路8號
242,121.559755,25.046115,台北市松山區市民大道五段33號
243,121.545563,25.058669,台北市松山區民生東路三段113巷6弄11號
244,121.554916,25.058078,台北市松山區民生東路四段126號
245,121.551931,25.057806,台北市松山區民生東路四段62號
246,121.557788,25.050480,台北市松山區光復北路98號2樓
247,121.559274,25.047894,台北市松山區光復南路13巷31號
248,121.557979,25.047013,台北市松山區光復南路21-1號
249,121.557628,25.047743,台北市松山區光復南路4號
250,121.557916,25.045542,台北市松山區光復南路67號
251,121.554644,25.042723,台北市松山區延吉街131巷7號
252,121.554815,25.041919,台北市松山區延吉街137巷6-2號
253,121.560932,25.052615,台北市松山區南京東路五段123巷4弄1之3號
254,121.566222,25.050398,台北市松山區南京東路五段250巷8號
255,121.565628,25.052507,台北市松山區南京東路五段291巷20弄
256,121.561453,25.051282,台北市松山區南京東路五段88號
258,121.546725,25.058819,台北市松山區復興北路313巷36號
259,121.545956,25.045732,台北市松山區復興南路一段39號B1(微風廣場美食街)
260,121.544157,25.047109,台北市松山區復興南路一段5號
261,121.548598,25.052339,台北市松山區敦化北路100號
264,121.560663,25.058275,台北市松山區新中街6巷1號
265,121.544954,25.055972,台北市松山區興安街180號
267,121.575920,25.050553,台北市松山區饒河街120號
268,121.575920,25.050553,台北市松山區饒河街160號前
269,121.575967,25.050595,台北市松山區饒河街189號前
270,121.576772,25.050703,台北市松山區饒河街204號
271,121.576765,25.050736,台北市松山區饒河街249號
272,121.575920,25.050553,台北市松山區饒河街94號
273,121.533206,25.044549,台北市大安區八德路二段1號
274,121.546065,25.044043,台北市大安區大安路一段22號(巷旁)
275,121.546042,25.043900,台北市大安區大安路一段26號
276,121.546247,25.043543,台北市大安區大安路一段41號
277,121.545967,25.040755,台北市大安區大安路一段90號
278,121.539053,25.037606,台北市大安區仁愛路三段88號
279,121.550028,25.038104,台北市大安區仁愛路四段107號
280,121.552426,25.039081,台北市大安區仁愛路四段345巷4弄23號1樓
281,121.546726,25.037623,台北市大安區仁愛路四段34號
282,121.547224,25.038312,台北市大安區仁愛路四段69號
283,121.547852,25.036822,台北市大安區四維路14巷3號
284,121.547738,25.036443,台北市大安區四維路22巷7號
285,121.547753,25.037076,台北市大安區四維路6巷12號
287,121.535219,25.044249,台北市大安區市民大道三段150巷16號
288,121.546036,25.040074,台北市大安區大安路一段108號
289,121.529811,25.032459,台北市大安區永康街15-4號
291,121.529815,25.032525,台北市大安區永康街15號之8
292,121.529442,25.030744,台北市大安區永康街28之1號
293,121.530095,25.031523,台北市大安區永康街31巷9號
294,121.529576,25.030821,台北市大安區永康街35-1號
295,121.529556,25.029368,台北市大安區永康街42-5號
296,121.529621,25.030285,台北市大安區永康街45-1號
297,121.529410,25.032887,台北市大安區永康街4巷16號(原士林夜市麻糬餅屋)
299,121.529698,25.032656,台北市大安區永康街6巷1號
300,121.529698,25.032656,台北市大安區永康街6巷1號
301,121.529357,25.032362,台北市大安區永康街8巷7號
303,121.555055,25.040701,台北市大安區光復南路240巷53號
305,121.551510,25.039529,台北市大安區安和路一段21巷23號
307,121.550893,25.026338,台北市大安區安和路二段209巷10號1F
308,121.551949,25.029856,台北市大安區安和路二段93號
309,121.555101,25.021128,台北市大安區安居街8巷(巷口)
310,121.542854,25.043986,台北市大安區安東街35巷4號之1
311,121.542475,25.042757,台北市大安區安東街50-6號
312,121.541948,25.017293,台北市大安區舟山路(小小福利社
314,121.523584,25.026782,台北市大安區和平東路一段18號
315,121.533392,25.026046,台北市大安區和平東路一段264之3號
316,121.554295,25.042745,台北市大安區延吉街121號
317,121.555494,25.042711,台北市大安區延吉街131巷26號
318,121.556816,25.042273,台北市大安區光復南路180巷5號
319,121.554807,25.039884,台北市大安區延吉街136號
320,121.548127,25.043107,台北市大安區忠孝東路四段101巷39號
322,121.552547,25.042177,台北市大安區忠孝東路四段205巷7弄11號
323,121.555145,25.040862,台北市大安區光復南路240巷52號
324,121.553287,25.039779,台北市大安區忠孝東路四段216巷27弄4號
325,121.553499,25.039977,台北市大安區忠孝東路四段216巷27弄5號1樓
326,121.552832,25.039602,台北市大安區忠孝東路四段216巷38號
327,121.552857,25.039330,台北市大安區忠孝東路四段216巷40弄2號
328,121.553987,25.040924,台北市大安區忠孝東路四段248巷2號
330,121.559834,25.091075,台北市大安區忠孝東路四段87號B1(頂好名店城)
331,121.559834,25.091075,台北市大安區忠孝東路四段97號B1(頂好名店城)
332,121.523861,25.033859,台北市大安區杭州南路二段25巷1號
333,121.526842,25.030642,台北市大安區金山南路二段109號
334,121.528741,25.032820,台北市大安區金山南路二段31巷37號
335,121.527469,25.029982,台北市大安區金華街126-1號1樓
336,121.523445,25.029249,台北市中正區潮州街56號
337,121.528257,25.030259,台北市大安區金華街199巷1弄4號
338,121.528223,25.030039,台北市大安區金華街203號
339,121.532172,25.028912,台北市大安區青田街一巷6號
340,121.530399,25.033501,台北市大安區信義路二段202號
341,121.535080,25.033641,台北市大安區信義路大安路口(信維市場)
342,121.550452,25.033438,台北市大安區信義路四段149號
343,121.537236,25.040328,台北市大安區建國南路一段188號
344,121.537413,25.035104,台北市大安區建國南路一段324號
345,121.560103,25.049824,台北市松山區光復北路11巷54號
346,121.528499,25.022377,台北市大安區師大路111號
348,121.529091,25.024692,台北市大安區師大路39巷11號
349,121.528994,25.024537,台北市大安區師大路39巷14號
350,121.529135,25.024658,台北市大安區師大路39巷15號
351,121.529206,25.024487,台北市大安區師大路39巷24號
353,121.528830,25.024288,台北市大安區師大路49巷3-1號
354,121.529023,25.024165,台北市大安區師大路49巷8號
357,121.529413,25.024993,台北市大安區泰順街26巷51號
358,121.529569,25.025603,台北市大安區泰順街2巷42號
359,121.535484,25.012984,台北市大安區羅斯福路四段136巷1弄11號
362,121.555704,25.027390,台北市大安區基隆路二段162之4號
363,121.555432,25.027474,台北市大安區通化街171巷40號
364,121.552527,25.025888,台北市大安區通化街263號
365,121.554129,25.030979,台北市大安區通化街36之一號
366,121.555194,25.030079,台北市大安區臨江街87之12
367,121.554152,25.030562,台北市大安區通化街56號
369,121.554357,25.030357,台北市大安區通化街65號
372,121.544401,25.044139,台北市大安區復興南路一段107巷5弄9號
373,121.543163,25.043019,台北市大安區復興南路一段126巷6號
374,121.543535,25.040822,台北市大安區復興南路一段180號
375,121.543856,25.035860,台北市大安區復興南路一段267號
376,121.549295,25.043672,台北市大安區敦化南路一段157號2樓
377,121.547640,25.043675,台北市大安區\1一敦化南路一段160巷19號
378,121.549288,25.043197,台北市大安區敦化南路一段173號
380,121.551419,25.042449,台北市大安區敦化南路一段187巷42號
381,121.550497,25.040499,台北市大安區敦化南路一段233巷23號
382,121.546984,25.040625,台北市大安區敦化南路一段236巷17號
383,121.546963,25.040444,台北市大安區敦化南路一段236巷36號
384,121.528704,25.031537,台北市大安區愛國東路105號
385,121.533784,25.020264,台北市大安區新生南路三段58之2號
386,121.533532,25.018992,台北市大安區新生南路三段82號
388,121.539600,25.026593,台北市大安區瑞安街145號
389,121.538518,25.028100,台北市大安區瑞安街244巷53號
392,121.529245,25.024973,台北市大安區龍泉街24號
393,121.529304,25.024165,台北市大安區師大路49巷12號
394,121.529307,25.023813,台北市大安區龍泉街54號
395,121.529302,25.023263,台北市大安區龍泉街76號
396,121.556523,25.029750,台北市大安區臨江街21號
397,121.555137,25.030080,台北市大安區臨江街83號
398,121.554964,25.030124,台北市大安區臨江街87號
399,121.554146,25.030325,台北市大安區通化街70號(門口旁)
400,121.555144,25.029909,台北市大安區臨江街98-1(門口中間位置)
401,121.555144,25.029909,台北市大安區臨江街98-1號
402,121.525027,25.023994,台北市大安區羅斯福路三段15號1樓
403,121.531729,25.018859,台北市大安區羅斯福路三段283巷28號
404,121.532209,25.017152,台北市大安區羅斯福路三段325號(大世紀戲院前)
405,121.537472,25.010886,台北市大安區羅斯福路四段121號
407,121.529484,25.030068,台北市大安區永康街34-1號
408,121.528983,25.032916,台北市大安區麗水街6-1號
409,121.559834,25.091075,台北巿萬華區三水街93號隔壁(東三水街市場內)
410,121.500531,25.036092,台北市萬華區三水街92號
411,121.502257,25.036117,台北市萬華區三水街93號對面(東三水街市場內)
412,121.498456,25.034446,台北市萬華區大理街93號
414,121.506708,25.038120,台北市萬華區中華路一段200號
415,121.505042,25.033196,台北市萬華區中華路二段30之1號
416,121.505498,25.041693,台北市萬華區內江街43號
417,121.505267,25.041669,台北市萬華區內江街53號
419,121.507901,25.042656,台北市萬華區成都路3號
420,121.506381,25.042561,台北市萬華區成都路42號
421,121.500790,25.040420,台北市萬華區西昌街117號
422,121.500463,25.036961,台北市萬華區西昌街224巷3.7.9號
424,121.498136,25.033860,台北市萬華區西園路一段258號
425,121.499774,25.039783,台北市萬華區西園路一段56號
427,121.506144,25.041194,台北市萬華區西寧南路197號1樓
429,121.505886,25.043508,台北市萬華區西寧南路70號B1
430,121.505951,25.044698,台北市萬華區武昌街2段82巷3弄1號
431,121.506948,25.045782,台北市萬華區西寧南路81號
432,121.499756,25.035070,台北市萬華區和平西路三段120號(龍山商場1樓美食街)
433,121.498202,25.035160,台北市萬華區和平西路三段166號
434,121.497104,25.035186,台北市萬華區和平西路三段198號
435,121.500688,25.035484,台北市萬華區和平西路三段89巷2弄5號
436,121.504382,25.041207,台北市萬華區昆明街192號
437,121.504860,25.042390,台北市萬華區昆明街99號
438,121.501361,25.036095,台北市萬華區東三水街市場內(新富市場臨固第18號)
439,121.505704,25.042708,台北市萬華區成都路56號1樓
440,121.504551,25.045374,台北市萬華區武昌街二段85-7號
441,121.559834,25.091075,台北市萬華區峨嵋街47號
442,121.501278,25.036285,台北市萬華區康定路302號
445,121.498444,25.037944,台北市萬華區華西街31號
446,121.498532,25.037651,台北市萬華區華西街41號(夜市第59號攤)
447,121.498298,25.037485,台北市萬華區華西街48號
448,121.498627,25.039145,台北市萬華區華西街17-4號
449,121.502612,25.039920,台北市萬華區貴陽街二段120號
451,121.504069,25.039696,台北市萬華區貴陽街二段68號
452,121.507450,25.046388,台北市萬華區開封街二段46號
453,121.501754,25.039328,台北市萬華區康定路172巷(巷內直興市場攤位)
454,121.508095,25.045472,台北市萬華區漢口街二段17號
455,121.507226,25.045473,台北市萬華區漢口街二段38號(近捷運西門站)
456,121.507086,25.045489,台北市萬華區漢口街二段42巷2號
457,121.505912,25.045428,台北市萬華區漢口街二段54號
458,121.501720,25.032959,台北市萬華區艋舺大道138號
459,121.500204,25.032738,台北市萬華區艋舺大道184號1樓
460,121.502218,25.036404,台北市萬華區廣州街104號
461,121.501297,25.036728,台北市萬華區廣州街165號
462,121.498922,25.036632,台北市萬華區廣州街168號
464,121.497895,25.036660,台北市萬華區廣州街200號
465,121.497466,25.036676,台北市萬華區廣州街202號
466,121.497388,25.036680,台北市萬華區廣州街206號
467,121.500264,25.036734,台北市萬華區廣州街207號
468,121.502599,25.036495,台北市萬華區廣州街88號
469,121.502566,25.036496,台北市萬華區廣州街90號
470,121.502356,25.036399,台北市萬華區廣州街96號
471,121.500793,25.039716,台北市萬華區西昌街
472,121.500331,25.032182,台北市萬華區興寧街48號
473,121.560266,25.039580,台北市信義區仁愛路四段505號(國父紀念館內)
474,121.568583,25.043475,台北市信義區永吉路30巷102弄3號
475,121.568852,25.042507,台北市信義區永吉路30巷151弄2-1號
476,121.568555,25.042274,台北市信義區永吉路30巷158弄2號
477,121.568723,25.042359,台北市信義區永吉路30巷158號
478,121.568834,25.041832,台北市信義區永吉路30巷167弄2號
479,121.513877,25.055498,台北市信義區永吉路443巷9弄(中坡公園前)
480,121.557520,25.043282,台北市信義區光復南路102號
481,121.559439,25.036543,台北市信義區光復南路419巷93號
483,121.561855,25.029120,台北市信義區吳興街158號
484,121.563385,25.027460,台北市信義區吳興街239號
485,121.564742,25.027272,台北市信義區吳興街269巷22號
486,121.564525,25.027217,台北市信義區吳興街269巷5號
487,121.564319,25.026597,台北市信義區吳興街281巷1號
488,121.570504,25.020751,台北市信義區吳興街583巷
489,121.571819,25.039856,台北市信義區忠孝東路五段236巷18號
490,121.573858,25.040488,台北市信義區忠孝東路五段236巷3弄33號
493,121.576607,25.039917,台北市信義區忠孝東路五段372巷27弄77之2號
494,121.573821,25.038760,台北市信義區忠孝東路五段372巷28弄3號
495,121.565396,25.040846,台北市信義區忠孝東路五段8號B2F(統一阪急百貨)
497,121.577281,25.043694,台北市信義區松山路268號(永春市場內)
498,121.578033,25.039781,台北市信義區松山路457號(第一劇場魚丸店門口)
499,121.578105,25.037796,台北市信義區松山路538-2號
500,121.568348,25.032052,台北市信義區松仁路19號(新光A4)
501,121.568183,25.039244,台北市信義區松仁路28號5樓
502,121.565856,25.039357,台北市信義區松高路11號(信義誠品B2)
503,121.565856,25.039357,台北市信義區松高路11號(誠品信義店)
504,121.565856,25.039357,台北市信義區松高路11號B1樓
505,121.566736,25.038900,台北市信義區松高路12號(新光A8)
506,121.568440,25.044033,台北市信義區松隆路62號
507,121.579512,25.038039,台北市信義區林口街42號
508,121.580404,25.039905,台北市信義區林口街榕樹下肉圓
509,121.564831,25.033023,台北市信義區信義路五段7號(台北101)
510,121.564809,25.033718,台北市信義區信義路五段7號85樓
511,121.577757,25.036130,台北市信義區信義路六段99號
512,121.551535,25.034406,台北市大安區信義路四段199巷18號
513,121.553218,25.032982,台北市大安區信義路四段236號2樓
514,121.565730,25.028434,台北市信義區莊敬路391巷7號
515,121.565977,25.027197,台北市信義區莊敬路406號
516,121.567597,25.028421,台北市信義區莊敬路423巷8弄14號
518,121.579143,25.036323,台北市信義區福德街18號
519,121.529299,25.112068,台北市士林區士東路100號(士東市場一樓88攤)
520,121.529299,25.112068,台北市士林區士東路100號2樓(士東市場2樓245攤)
521,121.525259,25.086918,台北市士林區大東路11-3號
522,121.525163,25.088373,台北市士林區大東路16號之8(佐丹奴前)
523,121.525540,25.089110,台北市士林區大南路31號
524,121.524917,25.089261,台北市士林區大南路49號
525,121.524935,25.089374,台北市士林區大南路50號(士林夜市廟口旁)
526,121.526356,25.089437,台北市士林區小東街38號
527,121.524663,25.089490,台北市士林區大南路84號(媽祖廟口左側)
528,121.524027,25.089770,台北市士林區大西路5號
530,121.533040,25.124659,台北市士林區中山北路七段180號
531,121.531460,25.120171,台北市士林區中山北路七段38巷七號
533,121.524890,25.107543,台北市士林區中山北路六段177號
537,121.523760,25.094998,台北市士林區中正路282號
538,121.523760,25.094998,台北市士林區中正路282號前
539,121.536228,25.118357,台北市士林區天母東路101號
540,121.532949,25.118231,台北市士林區天母東路49-1號
541,121.530516,25.114602,台北市士林區天母東路8巷89號
542,121.529238,25.119890,台北市士林區天玉街38巷15號1樓
543,121.525884,25.088086,台北市士林區文林路101巷6號
544,121.479318,25.132853,台北市士林區文林路101巷口
545,121.479318,25.132853,台北市士林區文林路101巷口
546,121.526124,25.088208,台北市士林區文林路113號
547,121.526124,25.088208,台北市士林區文林路113號
548,121.526124,25.088208,台北市士林區文林路113號(陽明戲院前)
549,121.526124,25.088208,台北市士林區文林路113號(陽明戲院前)
550,121.526124,25.088208,台北市士林區文林路113號(陽明戲院前)
551,121.526124,25.088208,台北市士林區文林路113號(陽明戲院前)
552,121.526124,25.088208,台北市士林區文林路113號(陽明戲院前)
553,121.526498,25.088843,台北市士林區文林路137號
554,121.526389,25.088406,台北市士林區文林路安平街口(陽明戲院旁巷子裡)
555,121.571176,25.136029,台北市士林區永公路500巷46號
556,121.542058,25.137535,台北市士林區光華路26巷2弄4號
557,121.525744,25.088412,台北市士林區安平街1號
558,121.524884,25.108694,台北市士林區克強路3號
559,121.518577,25.082574,台北市士林區和豐街25號
560,121.528642,25.104939,台北市士林區忠誠路一段105號
561,121.531342,25.111734,台北市士林區忠誠路二段51號(天母大葉高島屋)
562,121.531342,25.111734,台北市士林區忠誠路二段51號(天母大葉高島屋)
563,121.535594,25.133669,台北市士林區東山路25巷81弄99號
565,121.524868,25.086497,台北市士林區基河路3-1號
566,121.524202,25.084908,台北市士林區基河路60號(公有市場307號)
567,121.524105,25.087867,台北市士林區基河路101號(士林市場B1第57號)
568,121.524202,25.084908,台北市士林區基河路60號(公有市場431號)
569,121.524202,25.084908,台北市士林區基河路60號(公有市場489號)
571,121.517872,25.081787,台北市士林區通河東街一段3巷
572,121.539382,25.133648,台北市士林區凱旋路61巷4弄33號
573,121.559324,25.144162,台北市士林區菁山路119-1號
574,121.566784,25.145067,台北市士林區菁山路131巷13號之1
575,121.567949,25.144730,台北市士林區菁山路131巷19號
576,121.564162,25.142737,台北市士林區菁山路136號之1
578,121.534164,25.097921,台北市士林區福林路229號
579,121.518112,25.088532,台北市士林區福港街107巷(百齡國小附近三輪摩托車)
580,121.527699,25.107596,台北市士林區德行東路89號
581,121.559834,25.091075,台北市士林區舊市場入口，巷口是杏仁茶
582,121.498497,25.133525,台北市北投區大同街71號
583,121.501839,25.132460,台北市北投區中央南路一段25巷15號
584,121.503198,25.131081,台北市北投區新市街24巷
585,121.499413,25.138615,台北市北投區永興路一段2號
586,121.516031,25.116720,台北市北投區石牌路二段75巷1號
588,121.503749,25.136201,台北市北投區光明路213號
590,121.499770,25.132616,台北市北投區光明路46號
591,121.499536,25.132796,台北市北投區光明路39號(與大同街交叉口)
593,121.533167,25.175707,台北市北投區竹子湖路56-7號
594,121.536532,25.177932,台北市北投區竹子湖路63號
595,121.516310,25.111188,台北市北投區自強街141巷1號
596,121.510265,25.111994,台北市北投區承德路七段100號
598,121.516018,25.114421,台北市北投區東華街一段526號
600,121.507982,25.116207,台北市北投區尊賢街230巷6號
601,121.562616,25.178608,台北市北投區陽金公路(馬槽橋旁300公尺)
602,121.501823,25.131806,台北市北投區新市街15號
603,121.503000,25.132426,台北市北投區新市街30號(北投市場二樓436號攤位)
604,121.502219,25.132536,台北市北投區新市街57號
605,121.502415,25.132898,台北市北投區新市街71號
606,121.501771,25.132985,台北市北投區新生巷6號
607,121.510909,25.136209,台北市北投區溫泉路110號
608,121.517946,25.116410,台北市北投區裕民一路40巷5號
609,121.509267,25.114770,台北市北投區實踐街48巷7號
611,121.591589,25.081535,台北市內湖區成功路四段26號(湖光市場門口)
612,121.580362,25.078675,台北市內湖區文德路21號
613,121.567179,25.082865,台北市內湖區內湖路一段323巷4弄27號
614,121.571371,25.082110,台北市內湖區內湖路一段411巷9弄4號(2號)
615,121.571369,25.081549,台北市內湖區內湖路一段421號
617,121.580943,25.083158,台北市內湖區內湖路二段103巷76號
618,121.588088,25.081587,台北市內湖區內湖路二段193號
619,121.591438,25.081477,台北市內湖區成功路四段18號(湖光市場門口旁邊)
621,121.575523,25.076212,台北市內湖區江南街130號
622,121.603354,25.073350,台北市內湖區金湖路377號
623,121.604514,25.071979,台北市內湖區民權東路六段469號
624,121.577038,25.079985,台北市內湖區港墘路110號
625,121.567635,25.078616,台北市內湖區瑞光路478巷18弄34號
626,121.584073,25.069229,台北市內湖區瑞光路5號
627,121.588654,25.102546,台北市內湖區碧山路38-2號
628,121.576207,25.068955,台北市內湖區舊宗路二段121巷34號
629,121.583903,25.045222,台北市南港區同德路21號
630,121.584499,25.045527,台北市南港區同德路45號
631,121.568444,24.987305,台北市文山區木柵保儀路78號
632,121.565081,24.987786,台北市文山區木柵路三段48巷1弄5號
633,121.552005,24.987874,台北市文山區木柵路一段227號
634,121.564694,24.988576,台北市文山區木柵路三段5號
635,121.561081,24.981786,台北市文山區木新路三段154號
637,121.568596,24.987002,台北市文山區保儀路73號
638,121.577850,24.987272,台北市文山區指南路二段165號
639,121.577930,24.987257,台北市文山區指南路二段167號
640,121.575412,24.987618,台北市文山區指南路二段48號
642,121.575652,24.987590,台北市文山區指南路二段58號(政大正門左側)
643,121.586783,24.967079,台北市文山區指南路三段38巷22號之2
644,121.586712,24.966955,台北市文山區指南路三段38巷28號
645,121.590603,24.967176,台北市文山區指南路三段38巷33-1號2樓
646,121.592152,24.970379,台北市文山區指南路三段38巷37-2號
647,121.591771,24.968691,台北市文山區指南路三段38巷37之1號1樓
648,121.583560,24.977210,台北市文山區指南路三段38巷3號
649,121.597309,24.967430,台北市文山區指南路三段40巷6號
650,121.542306,24.992767,台北市文山區景中街30號
651,121.541418,24.991708,台北市文山區景文街51號
653,121.541367,24.989911,台北市文山區景美街119號(景美夜市)
654,121.541909,24.991519,台北市文山區景美街37-3號
655,121.541217,24.989934,台北市文山區景美街86號(景美夜市)
656,121.573815,24.988600,台北市文山區新光路一段13號
658,121.552252,25.000647,台北市文山區興隆路二段220巷18號
659,121.547459,24.999671,台北市文山區興隆路二段97號(興隆市場內47號)
660,121.737460,25.131293,基隆市中山區中山一路61-1號
661,121.743279,25.128537,基隆市仁愛區仁三路(第01號攤位)
662,121.743279,25.128537,基隆市仁愛區仁三路(第09號攤位)
663,121.743279,25.128537,基隆市仁愛區仁三路(第14號攤位)
664,121.743279,25.128537,基隆市仁愛區仁三路(第16號攤位)
665,121.743279,25.128537,基隆市仁愛區仁三路(第20號攤位)
666,121.743279,25.128537,基隆市仁愛區仁三路(第22號攤位)
667,121.743279,25.128537,基隆市仁愛區仁三路(第26號攤位)
668,121.743279,25.128537,基隆市仁愛區仁三路(第27-2號攤位)
669,121.743279,25.128537,基隆市仁愛區仁三路(第31號攤位)
670,121.743279,25.128537,基隆市仁愛區仁三路(第36號攤位)
671,121.743279,25.128537,基隆市仁愛區仁三路(第37號攤位)
672,121.743279,25.128537,基隆市仁愛區仁三路(第43號攤位)
673,121.743279,25.128537,基隆市仁愛區仁三路(第46號攤位)
674,121.743279,25.128537,基隆市仁愛區仁三路(第58號攤位)
675,121.743279,25.128537,基隆市仁愛區仁三路(第70號攤位)
676,121.744792,25.127728,基隆市仁愛區仁三路5號
677,121.741811,25.127814,基隆市仁愛區仁四路31號
678,121.741213,25.128044,基隆市仁愛區仁四路45號
